10029
10077
10125
10199
10201
10215
10225
10239
131169
131170
131181
131190
131210
131215
131222
131226
131232
131235
131255
131256
131262
131263
131265
131283
131302
131306
131308
131314
131317
131442
131458
131459
131468
131473
131787
131788
131993
132004
132005
132006
132028
132043
132051
132052
132065
132075
132108
132116
132121
132122
132135
132137
132144
132150
132151
132152
132166
132171
132175
132208
132215
132220
132234
132239
132251
132272
132278
132282
132303
132308
132317
132322
132323
132329
132335
132338
132343
132346
132349
132351
132377
132378
132387
132388
132390
132415
132417
132423
132440
132441
132445
132453
132477
132497
132507
132515
132516
132518
132519
132520
132524
132527
132535
132539
132540
132542
132556
132557
132559
132561
132562
132563
132564
132566
132567
132568
132571
132572
132587
132613
132711
132717
132747
132749
132751
132753
132754
132756
132759
132760
132761
132763
132768
132770
132774
132776
132777
132778
132779
132780
132781
132783
132784
132785
132787
132830
132860
132867
132871
132878
132893
132923
132924
132931
132933
132935
132937
132938
132939
132941
132943
132944
132945
132946
132948
132950
132952
132954
132956
132957
132960
132961
132962
132963
132965
132968
132970
132971
132972
132974
132976
132977
132978
132981
132984
132986
132990
132994
132995
132996
132998
133000
133001
133002
133003
133005
133006
133007
133008
133010
133011
133028
133036
133037
133055
133082
133087
133183
133222
133225
133226
133227
133228
133229
133230
133232
133233
133234
133235
133236
133237
133238
133240
133245
133246
133247
133249
133251
133253
133255
133256
133258
133259
133260
133262
133266
133269
133271
133272
133273
133274
133275
133276
133278
133279
133281
133282
133283
133285
133287
133288
133292
133293
133295
133296
133297
133298
133301
133305
133306
133307
133309
133311
133313
133314
133315
133317
133318
133388
133412
133427
133469
133491
133505
133506
133520
133552
133589
133590
133591
133593
133597
133638
133640
133643
133644
133647
133648
133649
133650
133651
133652
133655
133656
133657
133658
133659
133660
133661
133664
133665
133666
133667
133668
133669
133671
133672
133674
133676
133678
133680
133683
133684
133685
133689
133692
133693
133695
133698
133699
133700
133701
133703
133707
133708
133709
133710
133712
133713
133715
133716
133717
133718
133720
133721
133723
133724
133726
133727
133768
133856
133883
133961
133963
133964
133966
133967
133968
133969
133970
133971
133972
133973
133974
133975
133976
133977
133978
133980
133981
133982
133983
133984
133985
133987
133989
133990
133992
133994
133995
133996
133998
133999
134000
134001
134004
134006
134007
134008
134009
134011
134012
134013
134014
134015
134016
134018
134019
134020
134021
134022
134023
134024
134026
134027
134029
134030
134032
134033
134035
134036
134038
134039
134040
134041
134042
134043
134045
134051
134052
134053
134054
134055
134056
134057
134058
134059
134060
134122
134173
134177
134225
134235
134247
134248
134249
134250
134252
134253
134254
134255
134256
134257
134258
134260
134263
134264
134267
134270
134273
134275
134278
134280
134281
134284
134285
134286
134287
134289
134291
134293
134294
134295
134296
134298
134301
134303
134304
134305
134306
134308
134310
134312
134316
134318
134319
134320
134321
134322
134324
134325
134326
134327
134329
134331
134332
134333
134334
134335
134337
134338
134341
134343
134344
134352
134375
134411
134426
134428
134430
134513
134556
134674
134789
134793
134796
134799
134801
134803
134819
134822
134838
134848
134849
134850
134852
134853
134854
134856
134861
134862
134863
134866
134867
134868
134869
134870
134871
134873
134874
134877
134879
134880
134881
134883
134885
134886
134887
134892
134893
134894
134899
134900
134901
134905
134906
134907
134908
134909
134910
134911
134913
134914
134916
134917
134918
134922
134924
134926
134927
134928
134929
134930
134931
134932
134933
134937
134938
134939
134940
134941
134943
134944
134945
134946
134975
134986
135031
135036
135082
135085
135086
135133
135170
135171
135177
135183
135186
135189
135190
135191
135193
135199
135201
135202
135206
135217
135221
135224
135225
135226
135228
135229
135255
135262
135265
135267
135268
135299
135320
135397
135422
135434
17423
17426
17436
17439
17443
17447
17453
17465
17466
17483
17488
17495
17624
17625
17648
17665
17747
17748
17753
17754
17762
17771
17786
17803
17810
17813
17815
17818
17820
17825
17830
17903
17908
17912
17913
17917
18002
18008
18101
18105
18120
18166
18167
18196
18207
18209
18211
18223
18225
18229
23658
23664
23682
23768
23770
23772
23860
23870
23872
23901
23903
23937
23941
23957
23976
23984
23994
24003
24004
24029
24041
24049
24055
24080
24084
24103
24109
24127
24178
24185
24186
24193
24216
24222
24309
24327
24332
24374
24391
24392
24397
24448
24468
24471
24485
24501
24515
24539
24554
24558
24560
24574
2697
37934
37982
38000
38015
38021
38029
38053
38058
38139
38174
38185
38188
38191
38204
38205
38207
38219
38224
38233
38241
38261
38266
38271
38275
38306
38310
38312
38314
38324
38457
38461
38468
38476
38529
38536
38538
38546
38557
38571
38573
38594
38596
38615
38625
38720
38743
38746
38799
38810
38857
38872
38874
38902
38907
45117
45119
45132
45148
45150
45153
45154
45161
45184
45189
45194
45196
45202
45205
45210
45219
45232
45235
45243
45264
45271
45272
45284
45334
45335
45337
45340
45350
45357
45415
45417
45432
45433
45466
45469
45491
45513
45514
45518
45519
45525
45526
45528
45535
45536
45573
45574
45582
45591
45596
45609
45624
45625
45635
45636
45644
45648
45649
45655
45660
45661
45663
45666
45670
45693
45694
45742
45747
45749
45760
45765
45767
45769
45774
45775
45801
45804
45813
45815
45820
45825
45830
45841
45850
45851
45853
45854
45857
45863
45884
45885
45915
45916
45927
45942
45944
45954
45955
46068
46071
4755
4758
4797
55296
55333
55341
55351
55352
55353
55360
55410
55428
55429
55433
55441
55446
55448
55459
55470
55474
55479
55494
55507
55510
55526
55529
55535
55563
55566
55570
55574
55577
55578
55644
55709
55711
55712
55713
55717
55734
55740
55741
55756
55757
55764
55779
55780
55782
55804
55806
55814
55823
55824
55831
55832
55836
55839
55847
55862
55879
55917
55918
55947
56056
56061
56064
56077
56093
56107
56108
56110
56124
56166
56193
56202
56209
56211
56224
56268
56272
56283
56285
56290
56312
56315
58371
58405
58419
58428
58429
58432
58438
58442
58457
58462
58522
58529
58537
58590
58592
58594
58597
58608
58640
58641
58659
58664
58678
58700
58702
58703
58714
58725
58759
58760
58761
58762
58765
58766
58872
58875
58880
58898
58901
58902
58903
58904
58905
58906
58909
58963
58965
58966
58967
58969
58970
58972
58976
58984
58986
59161
59162
59163
59164
59165
59166
59169
59170
59171
59172
59179
59181
59183
59185
59188
59189
59193
59194
59195
59196
59198
59212
59215
59216
59221
59261
59319
59327
59335
59379
63829
63935
64088
7633
9223
9227
9238
9285
9396
9414
9430
9498
9501
9580
9583
9653
9666
9730
9752
9796
9829
9830
9836
9885
9941
